0	  Unknown                          25   5  25    0
1001	  A8m_L                             0 255   0    0
2002	  A8m_R                             0   0 255    0
1003	  A8dl_L                          255   0   0    0
2004	  A8dl_R                            0 246 255    0
1005	  A9l_L                           255 123 220    0
2006	  A9l_R                           255 220 123    0
1007	  A6dl_L                            0 141 255    0
2008	  A6dl_R                            0 106   9    0
1009	  A6m_L                           158  70  53    0
2010	  A6m_R                            62   0 106    0
1011	  A9m_L                           255 237 255    0
2012	  A9m_R                           141 255 158    0
1013	  A10m_L                          229   0 255    0
2014	  A10m_R                           79 123 141    0
1015	  A9/46d_L                        220 255   0    0
2016	  A9/46d_R                        255   0 106    0
1017	  IFJ_L                           237 132   0    0
2018	  IFJ_R                           123  88 246    0
1019	  A46_L                           141   0  88    0
2020	  A46_R                           123 106   0    0
1021	  A9/46v_L                        158 185 141    0
2022	  A9/46v_R                        141 106 176    0
1023	  A8vl_L                           97 185   0    0
2024	  A8vl_R                          255 158 176    0
1025	  A6vl_L                            0  44  97    0
2026	  A6vl_R                           62 193 255    0
1027	  A10l_L                           62  79  44    0
2028	  A10l_R                          167   9 167    0
1029	  A44d_L                           97  62  79    0
2030	  A44d_R                            0 185 141    0
1031	  IFS_L                           255 211   0    0
2032	  IFS_R                           255 106  79    0
1033	  A45c_L                            0   0 158    0
2034	  A45c_R                           70   0   0    0
1035	  A45r_L                          237 185 255    0
2036	  A45r_R                          202 149 106    0
1037	  A44op_L                         255   0 167    0
2038	  A44op_R                         220 255 123    0
1039	  A44v_L                           44  70 176    0
2040	  A44v_R                          158 167   0    0
1041	  A14m_L                          149 211 220    0
2042	  A14m_R                          176 149 167    0
1043	  A12/47o_L                       202 132 255    0
2044	  A12/47o_R                         0 255 114    0
1045	  A11l_L                          167   0   0    0
2046	  A11l_R                          132   0 229    0
1047	  A11m_L                           44   0  44    0
2048	  A11m_R                          255 255 202    0
1049	  A13_L                           229  79 141    0
2050	  A13_R                           176 255 211    0
1051	  A12/47l_L                         0 176  79    0
2052	  A12/47l_R                        88  53   0    0
1053	  A4hf_L                            0 106 167    0
2054	  A4hf_R                          149 167 229    0
1055	  A6cdl_L                         141 193  97    0
2056	  A6cdl_R                          35 123  97    0
1057	  A4ul_L                          176  97 132    0
2058	  A4ul_R                          176   0  62    0
1059	  A4t_L                           167  88   0    0
2060	  A4t_R                           255  62 229    0
1061	  A4tl_L                            0  62  70    0
2062	  A4tl_R                          149 255  62    0
1063	  A6cvl_L                         132 106  88    0
2064	  A6cvl_R                           0 255 202    0
1065	  A1/2/3ll_L                      202 149  44    0
2066	  A1/2/3ll_R                      255   0  62    0
1067	  A4ll_L                          106 132  62    0
2068	  A4ll_R                            0  62 255    0
1069	  A38m_L                            0 167 176    0
2070	  A38m_R                          202  88 255    0
1071	  A41/42_L                        255 202 185    0
2072	  A41/42_R                        106  44 106    0
1073	  TE1.0/TE1.2_L                   255 158  97    0
2074	  TE1.0/TE1.2_R                   132  70 185    0
1075	  A22c_L                          176  70 158    0
2076	  A22c_R                          149 149 255    0
1077	  A38l_L                          255 106 123    0
2078	  A38l_R                            0 106 255    0
1079	  A22r_L                          114   9 176    0
2080	  A22r_R                          176 167  79    0
1081	  A21c_L                          229  79   0    0
2082	  A21c_R                            0   0  70    0
1083	  A21r_L                           53  35  18    0
2084	  A21r_R                           88 141   0    0
1085	  A37dl_L                           0  35   9    0
2086	  A37dl_R                          26 211  18    0
1087	  aSTS_L                          123  44  62    0
2088	  aSTS_R                           88  88 132    0
1089	  A20iv_L                         237 237  70    0
2090	  A20iv_R                           0  62   0    0
1091	  A37elv_L                        211 229 211    0
2092	  A37elv_R                        114   0   0    0
1093	  A20r_L                          202 246 167    0
2094	  A20r_R                          167 211   9    0
1095	  A20il_L                         246 141 123    0
2096	  A20il_R                          26 141  79    0
1097	  A37vl_L                         114 141 123    0
2098	  A37vl_R                         193   0 132    0
1099	  A20cl_L                           0  18  44    0
2100	  A20cl_R                         106 220 202    0
1101	  A20cv_L                          70  79   0    0
2102	  A20cv_R                         149  97  44    0
1103	  A20rv_L                         185 114 106    0
2104	  A20rv_R                           0  26 141    0
1105	  A37mv_L                           0 255 158    0
2106	  A37mv_R                         255 176   9    0
1107	  A37lv_L                         123 202 141    0
2108	  A37lv_R                         123 237  97    0
1109	  A35/36r_L                        79  88  88    0
2110	  A35/36r_R                       220 132 193    0
1111	  A35/36c_L                       114   0 114    0
2112	  A35/36c_R                       211 193 141    0
1113	  TL_L                            185 193 220    0
2114	  TL_R                             79  97 176    0
1115	  A28/34_L                         88   0  53    0
2116	  A28/34_R                        193  79  97    0
1117	  TI_L                             70  53 123    0
2118	  TI_R                            220 193  53    0
1119	  TH_L                            185 167 149    0
2120	  TH_R                            220  97 229    0
1121	  rpSTS_L                         141 123  70    0
2122	  rpSTS_R                           0 141 185    0
1123	  cpSTS_L                           9  62 211    0
2124	  cpSTS_R                         114 106 229    0
1125	  A7r_L                           255 193 229    0
2126	  A7r_R                            70 149 229    0
1127	  A7c_L                             0 149   0    0
2128	  A7c_R                            44   9  18    0
1129	  A5l_L                           193  79  44    0
2130	  A5l_R                           255 193 132    0
1131	  A7pc_L                           44  44  53    0
2132	  A7pc_R                           53 220 255    0
1133	  A7ip_L                          211  53  62    0
2134	  A7ip_R                          141 106 141    0
1135	  A39c_L                          106 176 149    0
2136	  A39c_R                           35   0 202    0
1137	  A39rd_L                         211 220 123    0
2138	  A39rd_R                         123  53   0    0
1139	  A40rd_L                         167   0 211    0
2140	  A40rd_R                          18  79 114    0
1141	  A40c_L                            9  79  62    0
2142	  A40c_R                          246 158 255    0
1143	  A39rv_L                         114 176 211    0
2144	  A39rv_R                         106  62  53    0
1145	  A40rv_L                          53 106  53    0
2146	  A40rv_R                         220  62 185    0
1147	  A7m_L                             0 202  70    0
2148	  A7m_R                            62  44  79    0
1149	  A5m_L                           246   9 132    0
2150	  A5m_R                           185 149 202    0
1151	  dmPOS_L                         220  18  18    0
2152	  dmPOS_R                         176 255 246    0
1153	  A31_L                            62 220 149    0
2154	  A31_R                           167 202  70    0
1155	  A1/2/3ulhf_L                    132 141 176    0
2156	  A1/2/3ulhf_R                     88  53 185    0
1157	  A1/2/3tonIa_L                   193 149 237    0
2158	  A1/2/3tonIa_R                    97 114   0    0
1159	  A2_L                            255 132 185    0
2160	  A2_R                            185   0  97    0
1161	  A1/2/3tru_L                     167 237 123    0
2162	  A1/2/3tru_R                     255 246   0    0
1163	  G_L                             255 193  79    0
2164	  G_R                             220 106  35    0
1165	  vIa_L                           123   0  35    0
2166	  vIa_R                           193 255  88    0
1167	  dIa_L                           158 185 176    0
2168	  dIa_R                           185  70 132    0
1169	  vId/vIg_L                       202 123  70    0
2170	  vId/vIg_R                       176 106 202    0
1171	  dIg_L                            79 149  62    0
2172	  dIg_R                             0  62 141    0
1173	  dId_L                            88  44 211    0
2174	  dId_R                           246  79 176    0
1175	  A23d_L                          158 141   9    0
2176	  A23d_R                          123 123 132    0
1177	  A24rv_L                         132  53  97    0
2178	  A24rv_R                         106 158 106    0
1179	  A32p_L                          149  97 106    0
2180	  A32p_R                          106 202  88    0
1181	  A23v_L                          211 158 158    0
2182	  A23v_R                          158  88 149    0
1183	  A24cd_L                          26  35 123    0
2184	  A24cd_R                          62   9  79    0
1185      A23c_L                          220 193 202    0
2186	  A23c_R                          149  62 237    0
1187	  A32sg_L                         167  97 237    0
2188	  A32sg_R                          97  79  44    0
1189	  cLinG_L                           0 106 106    0
2190	  cLinG_R                         255 246 123    0
1191	  rCunG_L                          88 255 229    0
2192	  rCunG_R                         211 237 255    0
1193	  cCunG_L                          97  35 255    0
2194	  cCunG_R                         106   9 141    0
1195	  rLinG_L                         132  62 149    0
2196	  rLinG_R                         106 114  79    0
1197	  vmPOS_L                         132 255 193    0
2198	  vmPOS_R                         158   0 132    0
1199	  mOccG_L                          97 158 158    0
2200	  mOccG_R                         202   0 202    0
1201	  V5/MT+_L                         35 106 220    0
2202	  V5/MT+_R                         35  44   0    0
1203	  OPC_L                           220  97  88    0
2204	  OPC_R                           114 123 185    0
1205	  iOccG_L                         149  18  70    0
2206	  iOccG_R                         211 202 255    0
1207	  msOccG_L                        185   0 255    0
2208	  msOccG_R                          0 158 141    0
1209	  lsOccG_L                        211 149 185    0
2210	  lsOccG_R                         44  88   0    0
49	  Right-Thalamus-Proper             0 118  14    0
50	  Right-Caudate                   122 186 220    0
51	  Right-Putamen                   236  13 176    0
52	  Right-Pallidum                   13  48 255    0
53	  Right-Hippocampus               220 216  20  	 0
54	  Right-Amygdala                  103 255 255    0
58	  Right-Accumbens-area            255 165   0    0
10	  Left-Thalamus-Proper              0 118  14    0
11	  Left-Caudate                    122 186 220    0
12	  Left-Putamen                    236  13 176    0
13	  Left-Pallidum                    12  48 255    0
17	  Left-Hippocampus                220 216  20    0
18	  Left-Amygdala                   103 255 255    0
26	  Left-Accumbens-area             255 165   0    0
